1;Affaires étrangères;105;555 081 597;1 226 232 674;1 781 314 271;555 081 597;1 228 265 134;1 783 346 731
1;Affaires étrangères;151;200 450 297;167 949 427;368 399 724;200 450 297;167 949 427;368 399 724
1;Affaires étrangères;185;83 971 135;667 719 394;751 690 529;83 971 135;667 719 394;751 690 529
1;Affaires étrangères;209;222 400 283;1 861 108 263;2 083 508 546;222 400 283;1 883 952 010;2 106 352 293
1;Affaires étrangères;332;0;0;0;0;20 000 000;20 000 000
2;Culture;131;0;735 664 586;735 664 586;0;787 894 586;787 894 586
2;Culture;175;0;804 849 512;804 849 512;0;861 505 291;861 505 291
2;Culture;180;0;385 820 042;385 820 042;0;390 320 042;390 320 042
2;Culture;186;0;123 464 117;123 464 117;0;124 071 102;124 071 102
2;Culture;224;642 205 246;415 308 535;1 057 513 781;642 205 246;437 315 660;1 079 520 906
2;Culture;313;0;452 974 391;452 974 391;0;452 974 391;452 974 391
2;Culture;334;0;259 381 850;259 381 850;0;274 997 850;274 997 850
3;Agriculture;112;10 467 873;272 353 426;282 821 299;10 467 873;290 005 510;300 473 383
3;Agriculture;142;186 279 134;119 241 667;305 520 801;186 279 134;120 763 667;307 042 801
3;Agriculture;143;830 993 637;484 848 962;1 315 842 599;830 993 637;472 105 297;1 303 098 934
3;Agriculture;149;0;349 687 967;349 687 967;0;358 447 263;358 447 263
3;Agriculture;154;0;2 139 668 606;2 139 668 606;0;2 170 408 692;2 170 408 692
3;Agriculture;206;270 723 483;221 001 348;491 724 831;270 723 483;221 179 348;491 902 831
3;Agriculture;215;647 828 496;110 461 842;758 290 338;647 828 496;102 718 583;750 547 079
6;Éducation;139;6 326 954 440;753 849 637;7 080 804 077;6 326 954 440;753 849 637;7 080 804 077
6;Éducation;140;18 100 175 220;40 592 119;18 140 767 339;18 100 175 220;40 592 119;18 140 767 339
6;Éducation;141;29 493 579 505;147 178 855;29 640 758 360;29 493 579 505;147 178 855;29 640 758 360
6;Éducation;163;0;229 970 979;229 970 979;0;229 970 979;229 970 979
6;Éducation;214;1 367 074 424;778 154 866;2 145 229 290;1 367 074 424;726 744 637;2 093 819 061
6;Éducation;230;1 777 141 264;2 122 638 569;3 899 779 833;1 777 141 264;2 175 293 889;3 952 435 153
7;Budget;156;7 066 153 527;1 363 635 312;8 429 788 839;7 066 153 527;1 345 896 928;8 412 050 455
7;Budget;195;250 000 000;1 432 050 000;1 682 050 000;250 000 000;1 432 050 000;1 682 050 000
7;Budget;200;0;75 153 430 000;75 153 430 000;0;75 153 430 000;75 153 430 000
7;Budget;201;0;10 284 500 000;10 284 500 000;0;10 284 500 000;10 284 500 000
7;Budget;218;428 974 227;437 876 544;866 850 771;428 974 227;452 298 337;881 272 564
7;Budget;221;96 901 929;146 770 506;243 672 435;96 901 929;181 822 883;278 724 812
7;Budget;302;1 107 279 455;478 276 752;1 585 556 207;1 107 279 455;490 962 758;1 598 242 213
7;Budget;309;0;206 244 866;206 244 866;0;206 557 786;206 557 786
7;Budget;501;0;108 929 739;108 929 739;0;108 929 739;108 929 739
7;Budget;511;0;517 890 000;517 890 000;0;517 890 000;517 890 000
7;Budget;521;0;323 584 600;323 584 600;0;323 584 600;323 584 600
7;Budget;531;0;10 998 000;10 998 000;0;10 998 000;10 998 000
7;Budget;532;0;0;0;0;0;0
7;Budget;533;0;817 450;817 450;0;817 450;817 450
7;Budget;541;0;35 037 514;35 037 514;0;35 037 514;35 037 514
7;Budget;542;0;0;0;0;0;0
7;Budget;551;0;0;0;0;0;0
7;Budget;552;0;332 994 622;332 994 622;0;32 994 622;32 994 622
9;Intérieur;104;0;78 438 040;78 438 040;0;71 638 040;71 638 040
9;Intérieur;119;0;815 281 069;815 281 069;0;780 570 257;780 570 257
9;Intérieur;120;0;492 859 347;492 859 347;0;492 859 347;492 859 347
9;Intérieur;121;0;905 446 505;905 446 505;0;905 446 505;905 446 505
9;Intérieur;122;0;506 055 512;506 055 512;0;499 055 512;499 055 512
9;Intérieur;123;0;805 793 936;805 793 936;0;628 352 190;628 352 190
9;Intérieur;128;0;153 056 152;153 056 152;0;176 128 291;176 128 291
9;Intérieur;138;133 587 347;1 179 284 628;1 312 871 975;133 587 347;1 204 504 628;1 338 091 975
9;Intérieur;152;6 651 379 706;1 234 837 413;7 886 217 119;6 651 379 706;1 195 335 810;7 846 715 516
9;Intérieur;161;159 389 023;96 298 954;255 687 977;159 389 023;101 317 954;260 706 977
9;Intérieur;176;8 245 087 877;1 021 438 130;9 266 526 007;8 245 087 877;955 928 125;9 201 016 002
9;Intérieur;207;0;54 617 441;54 617 441;0;54 617 441;54 617 441
9;Intérieur;216;335 428 031;293 112 483;628 540 514;335 428 031;313 238 184;648 666 215
9;Intérieur;232;77 916 300;343 306 319;421 222 619;77 916 300;341 281 911;419 198 211
9;Intérieur;301;0;25 000 000;25 000 000;0;25 000 000;25 000 000
9;Intérieur;303;38 268 823;515 184 581;553 453 404;38 268 823;521 884 581;560 153 404
9;Intérieur;307;1 448 822 982;223 942 526;1 672 765 508;1 448 822 982;208 379 947;1 657 202 929
10;Justice;101;0;402 945 004;402 945 004;0;354 910 004;354 910 004
10;Justice;107;1 877 852 478;2 813 340 583;4 691 193 061;1 877 852 478;1 136 097 528;3 013 950 006
10;Justice;166;2 063 970 256;1 523 656 938;3 587 627 194;2 063 970 256;896 782 512;2 960 752 768
10;Justice;182;432 946 409;359 104 771;792 051 180;432 946 409;339 104 771;772 051 180
10;Justice;310;119 487 774;163 495 131;282 982 905;119 487 774;160 980 562;280 468 336
10;Justice;335;2 485 818;1 175 205;3 661 023;2 485 818;1 031 675;3 517 493
12;Premier ministre;115;0;150 087 308;150 087 308;0;150 087 308;150 087 308
12;Premier ministre;126;31 011 200;6 462 375;37 473 575;31 011 200;6 462 375;37 473 575
12;Premier ministre;129;253 767 139;353 816 117;607 583 256;253 767 139;337 342 580;591 109 719
12;Premier ministre;158;2 027 110;113 967 849;115 994 959;2 027 110;114 292 169;116 319 279
12;Premier ministre;162;0;46 981 314;46 981 314;0;36 064 175;36 064 175
12;Premier ministre;164;185 201 628;28 254 281;213 455 909;185 201 628;28 664 840;213 866 468
12;Premier ministre;165;284 719 711;59 516 846;344 236 557;284 719 711;63 993 636;348 713 347
12;Premier ministre;308;54 937 039;26 881 062;81 818 101;54 937 039;38 604 154;93 541 193
12;Premier ministre;333;0;404 756 820;404 756 820;0;447 256 820;447 256 820
23;Écologie;109;0;5 490 207 727;5 490 207 727;0;5 490 207 727;5 490 207 727
23;Écologie;113;0;355 297 089;355 297 089;0;340 995 954;340 995 954
23;Écologie;135;0;496 136 086;496 136 086;0;359 849 586;359 849 586
23;Écologie;159;0;96 131 958;96 131 958;0;96 131 958;96 131 958
23;Écologie;170;0;206 800 000;206 800 000;0;206 800 000;206 800 000
23;Écologie;174;0;671 863 586;671 863 586;0;680 165 086;680 165 086
23;Écologie;177;0;1 206 253 547;1 206 253 547;0;1 206 253 547;1 206 253 547
23;Écologie;181;39 545 766;371 540 628;411 086 394;39 545 766;266 540 628;306 086 394
23;Écologie;190;0;1 423 341 869;1 423 341 869;0;1 352 341 869;1 352 341 869
23;Écologie;197;0;856 456 092;856 456 092;0;856 456 092;856 456 092
23;Écologie;198;0;4 080 200 000;4 080 200 000;0;4 080 200 000;4 080 200 000
23;Écologie;203;0;4 179 501 120;4 179 501 120;0;4 208 035 454;4 208 035 454
23;Écologie;205;0;143 474 506;143 474 506;0;145 500 177;145 500 177
23;Écologie;217;3 183 959 417;346 615 264;3 530 574 681;3 183 959 417;351 012 264;3 534 971 681
36;TravailEmploiSanté;102;0;5 421 987 408;5 421 987 408;0;5 373 475 753;5 373 475 753
36;TravailEmploiSanté;103;0;3 847 570 367;3 847 570 367;0;3 907 070 367;3 907 070 367
36;TravailEmploiSanté;111;0;63 304 949;63 304 949;0;80 584 949;80 584 949
36;TravailEmploiSanté;124;732 132 346;780 755 735;1 512 888 081;732 132 346;749 229 280;1 481 361 626
36;TravailEmploiSanté;155;599 766 214;138 541 874;738 308 088;599 766 214;142 291 874;742 058 088
36;TravailEmploiSanté;183;0;638 003 000;638 003 000;0;638 003 000;638 003 000
36;TravailEmploiSanté;204;0;738 272 348;738 272 348;0;738 272 348;738 272 348
38;Enseign sup et rech;150;1 127 335 691;11 637 519 756;12 764 855 447;1 127 335 691;11 383 911 728;12 511 247 419
38;Enseign sup et rech;172;0;5 121 883 472;5 121 883 472;0;5 121 883 472;5 121 883 472
38;Enseign sup et rech;187;0;1 250 149 388;1 250 149 388;0;1 250 149 388;1 250 149 388
38;Enseign sup et rech;193;0;1 398 540 042;1 398 540 042;0;1 398 540 042;1 398 540 042
38;Enseign sup et rech;231;0;2 171 203 845;2 171 203 845;0;2 168 623 845;2 168 623 845
39;Ville;147;0;527 440 722;527 440 722;0;539 982 832;539 982 832
52;Sports;219;0;252 283 372;252 283 372;0;255 438 709;255 438 709
56;Solidarités;106;0;233 886 792;233 886 792;0;233 886 792;233 886 792
56;Solidarités;137;0;20 264 381;20 264 381;0;20 264 381;20 264 381
56;Solidarités;157;0;10 531 453 198;10 531 453 198;0;10 504 753 198;10 504 753 198
56;Solidarités;304;0;428 181 487;428 181 487;0;453 181 487;453 181 487
57;Économie;110;0;649 461 363;649 461 363;0;1 191 903 953;1 191 903 953
57;Économie;114;0;189 400 000;189 400 000;0;189 400 000;189 400 000
57;Économie;117;0;48 773 000 000;48 773 000 000;0;48 773 000 000;48 773 000 000
57;Économie;134;415 296 541;568 014 986;983 311 527;415 296 541;580 357 403;995 653 944
57;Économie;145;0;773 776 591;773 776 591;0;773 776 591;773 776 591
57;Économie;168;0;185 000 000;185 000 000;0;185 000 000;185 000 000
57;Économie;192;100 675 510;905 127 598;1 005 803 108;100 675 510;881 340 979;982 016 489
57;Économie;220;374 378 749;70 746 045;445 124 794;374 378 749;68 146 045;442 524 794
57;Économie;223;0;41 968 136;41 968 136;0;43 468 136;43 468 136
57;Économie;305;148 500 201;356 605 800;505 106 001;148 500 201;356 605 800;505 106 001
58;Fonction publique;148;249 584;223 278 977;223 528 561;249 584;225 590 627;225 840 211
70;Défense;144;596 825 496;1 306 059 269;1 902 884 765;596 825 496;1 192 167 882;1 788 993 378
70;Défense;146;1 893 664 546;9 889 879 869;11 783 544 415;1 893 664 546;9 068 846 923;10 962 511 469
70;Défense;167;86 770 031;42 249 281;129 019 312;86 770 031;31 249 281;118 019 312
70;Défense;169;0;2 914 602 520;2 914 602 520;0;2 914 602 520;2 914 602 520
70;Défense;178;15 533 878 811;7 365 787 915;22 899 666 726;15 533 878 811;6 670 526 037;22 204 404 848
70;Défense;191;0;192 868 745;192 868 745;0;192 868 745;192 868 745
70;Défense;212;1 171 145 996;2 204 745 977;3 375 891 973;1 171 145 996;1 874 378 100;3 045 524 096